y=[
-0.015040, 0.002663, -0.003129, 0.001699, 0.005457, -0.001808, -0.019767, -0.000743, 0.016797, -0.001351, 0.016950, -0.031297, 0.023173, -0.004764, -0.010980, 0.010436, 0.003844, -0.012491, 0.006064, 0.001271, 0.007289, -0.009531, 0.006610, -0.016392, 0.013892, -0.014843, 0.015416, -0.001984, -0.011274, 0.020784, -0.007452, -0.006433, -0.003692, 0.001844, 0.002369, -0.008160, 0.015440, 0.000384, 0.076744, -0.073279, 0.006979, 0.061068, -0.089692, 0.012881, -0.003132, -0.007158, 0.009981, 0.082794, -0.078207, 0.009440, 0.162441, 0.301496, -0.397360, -0.066205, -0.003130, 0.129922, -0.036272, -0.096976, -0.006763, 0.076266, -0.078527, -0.008485, 0.025317, -0.011364, -0.004273, 0.085709, -0.092535, 0.015965, -0.000452, -0.000863, 0.003421, -0.010760, 0.012828, -0.023836, 0.013106, -0.011464, 0.009874, 0.016937, -0.026964, 0.007255, 0.014605, -0.011995, 0.010360, 0.004462, -0.008982, 0.002202, -0.004509, -0.001057, 0.005586, -0.010819, 0.005248, -0.000175, 0.069916, -0.064656, 0.000773, -0.012013, -0.007131, 0.016872, -0.006042, 0.007560, -0.003340, 0.003561, -0.002318, 0.010059, -0.009789, 0.000097, -0.005591, 0.008716, 0.001292, -0.005503, 0.011077, -0.003028, -0.004049, -0.003079, 0.014096, -0.009426, 0.004240, -0.000592, -0.009937, -0.000644, -0.005379, 0.013792, -0.008612, 0.005347, -0.008696, 0.009130, -0.007722, 0.010820, -0.010253, -0.006420, 0.017098, -0.005267, 0.012049, -0.000262, -0.023389, 0.005642, 0.008551, 0.002224, -0.005206, -0.002302, 0.006745, -0.015855, 0.000506, 0.005448, 0.005548, -0.008504, 0.006610, 0.007956, -0.000568, 0.004847, -0.008125, -0.004060, 0.006666, 0.000624, -0.007320, 0.018131, -0.015671, 0.004502, -0.016298, 0.013669, -0.013824, 0.005462, -0.005612, -0.001396, 0.015233, -0.002052, 0.009833, -0.012270, 0.010940, -0.016028, -0.001314, 0.010984, -0.001150, 0.003384, 0.001835, -0.007398, -0.010841, 0.003671, 0.008406, 0.003755, 0.003096, 0.004611, -0.003313, -0.002863, -0.000103, -0.003757, -0.009306, 0.000456, 0.010993, 0.003766, 0.013748, -0.030201, 0.015251, 0.004879, -0.014183, 0.009797, -0.012283, 0.020652, -0.008880;
-0.014771, -0.004222, 0.014199, -0.014558, -0.002533, -0.008913, 0.000164, 0.002702, -0.003056, -0.002986, -0.013247, -0.015025, -0.005638, -0.002999, -0.002274, 0.003969, -0.005321, -0.013000, -0.008681, 0.004985, -0.010491, -0.004993, 0.010797, -0.022628, 0.014851, -0.007133, 0.005087, -0.008489, -0.002915, -0.008881, -0.004617, 0.015310, -0.028621, 0.004313, -0.007218, -0.021988, 0.020541, 0.013378, -0.032911, -0.012247, 0.014704, -0.010826, 0.192200, 0.189966, -0.000946, -0.389332, 0.691500, -0.724120, 0.009766, 0.030090, 0.352631, 0.005738, -0.004875, 0.391635, -0.795267, 0.777714, -0.417592, -0.371920, -0.000155, 0.365543, -0.362292, 0.345132, -0.181639, 0.583661, -0.783647, 0.382320, -0.411000, 0.390419, -0.014295, -0.381777, -0.014220, -0.015687, 0.011499, -0.012307, 0.019381, -0.007716, -0.022990, -0.003242, -0.002643, 0.007331, 0.000081, 0.009081, -0.032272, 0.012177, -0.019254, 0.000382, -0.011789, 0.006929, 0.000741, -0.010617, -0.018550, 0.660888, -0.654309, -0.007665, -0.022515, 0.015119, -0.003739, 0.016844, -0.030400, -0.021885, 0.022849, -0.018152, -0.005697, 0.045852, -0.052596, 0.000898, -0.021504, 0.018124, -0.004915, 0.004489, -0.010730, -0.023862, -0.000626, -0.004062, 0.005662, 0.003174, -0.014171, -0.008742, 0.000280, -0.009650, -0.002159, 0.008627, -0.017891, -0.013714, 0.020130, -0.028890, 0.023246, -0.020592, 0.059090, -0.063315, -0.000079, 0.043782, -0.075191, 0.014865, 0.057080, -0.074234, 0.006821, 0.050784, -0.079659, -0.007923, 0.078690, -0.070412, 0.007948, -0.019680, -0.006086, -0.004473, 0.079150, -0.073817, -0.016162, 0.065091, -0.083972, 0.012731, 0.071859, -0.091151, -0.014626, 0.001843, 0.011006, -0.025763, 0.000108, 0.008721, -0.003923, 0.105637, -0.108312, -0.015630, 0.015183, -0.023202, 0.002245, -0.004160, -0.015509, 0.011734, -0.008949, -0.002573, -0.027245, 0.016033, -0.024954, 0.017601, 0.037194, 0.021735, 0.044818, 0.023033, 0.048499, 0.010916, 0.057188, 0.024935, 0.027068, 0.057756, 0.026467, 0.038790, 0.016209, 0.041051, 0.030855, 0.024489, 0.049654, 0.016241, 0.046200, 0.027684, 0.019782, 0.043123, 0.032003;
-0.000019, 0.000007, -0.000003, -0.000004, 0.000022, -0.000023, -0.000002, 0.000023, -0.000018, 0.000006, 0.000001, -0.000011, 0.000027, -0.000022, -0.000001, 0.000016, -0.000016, 0.000006, -0.000000, -0.000010, 0.000025, -0.000021, -0.000000, 0.000004, -0.000002, 0.000007, -0.000001, 0.000001, 0.000003, -0.000004, -0.000000, 0.000000, -0.000009, 0.000009, 0.000001, -0.000016, 0.000025, -0.000020, 0.000001, 0.000006, -0.000004, 0.000003, 0.000004, 0.000000, -0.000010, -0.000006, 0.000007, 0.000006, -0.000005, 0.000005, 0.000003, -0.000000, -0.000007, -0.000003, -0.000001, 0.000009, -0.000005, 0.000007, -0.000003, 0.000004, -0.000009, 0.000008, -0.000004, 0.000004, -0.000008, 0.000007, -0.000003, 0.000004, -0.000008, 0.000007, 0.000001, -0.000002, -0.000005, 0.000007, -0.000000, -0.000004, -0.000002, 0.000007, -0.000001, -0.000003, -0.000006, 0.000009, -0.000014, 0.000012, -0.000007, 0.000009, -0.000001, -0.000000, -0.000009, 0.000010, 0.000001, -0.000001, -0.000010, 0.000010, -0.000001, 0.000001, -0.000010, 0.000010, -0.000000, 0.000001, -0.000008, 0.000004, 0.000004, -0.000000, -0.000010, -0.000006, 0.000007, 0.000007, -0.000005, 0.000003, 0.000005, -0.000001, -0.000008, -0.000003, -0.000002, 0.000010, -0.000005, 0.000007, -0.000003, 0.000003, -0.000007, 0.000007, -0.000004, 0.000004, -0.000008, 0.000007, 0.000000, -0.000002, -0.000004, 0.000007, -0.000000, -0.000003, -0.000003, 0.000007, -0.000000, -0.000004, -0.000002, 0.000006, 0.000001, -0.000004, -0.000005, 0.000010, -0.000016, 0.000013, -0.000008, 0.000011, -0.000001, 0.000000, -0.000011, 0.000011, 0.000000, -0.000001, -0.000010, 0.000010, 0.000000, 0.000001, -0.000007, 0.000004, 0.000002, 0.000001, -0.000007, 0.000003, 0.000004, 0.000000, -0.000010, -0.000007, 0.000008, 0.000006, -0.000005, 0.000006, -0.000002, 0.000003, -0.000008, -0.000002, -0.000002, 0.000008, -0.000004, 0.000007, -0.000003, 0.000004, -0.000007, 0.000006, -0.000002, 0.000003, -0.000007, 0.000008, -0.000001, -0.000001, -0.000005, 0.000008, -0.000000, -0.000004, -0.000003, 0.000006, 0.000001, -0.000004, -0.000003, 0.000007, 0.000000;
