y=[
-2.908988, -0.272067, -0.035114, -0.771233, 0.156363, -0.250984, 0.224228, -0.193616, 0.230401, 1.448786, -1.438396, 0.082845, 0.265652, -0.310939, 1.122086, -1.154396, 1.249445, 37.414124, -37.768141, -0.180353, 0.328453, -0.321060, 0.354388, -0.393337, 0.882896, 0.492214, 0.203916, -1.710080, 0.103467, 17.479853, -16.850387, -0.359538, 1.761478, -1.911987, 0.705643, -0.720478, 0.547811, -0.350527, 0.069387, -1.572354, 1.497099, -1.250657, 2.438583, -2.683017, 2.578865, -0.947585, 0.990534, -1.545289, 1.249005, -0.625052, 1.993744, -2.603465, 1.442522, -1.101155, 0.669022, -0.457400, 2.125395, -2.823218, 1.519247, -1.465512, 3.117083, -2.746629, 0.305460, 0.138207, 0.755362, -0.571196, 1.384369, -1.584351, 0.720982, 2.048160, -2.184301, -1.984419, 1.624428, -0.366842, 0.901557, -1.118005, -0.095094, 0.669647, 1.674147, -1.034771, 1.816330, -2.474170, 0.647159, -1.619832, 2.803746, -1.287713, 1.626970, -2.479693, 1.563198, 0.551163, -1.020693, -0.850419, 1.017725, 10.423721, -11.258023, -0.758340, 0.352777, 0.802660, -0.020105, -1.271704, 1.018475, -0.632282, 0.620168, -0.339846, 0.017297, 2.803310, -2.198399, 0.327082, -0.542774, 1.026675, 0.342321, -1.292426, -0.651768, 0.216868, 1.544587, -1.103836, 0.518169, -0.745958, 0.681444, -1.033220, 0.858152, -0.493531, 1.322868, -1.625610, 0.993841, -1.071252, 2.513927, -1.246800, 0.554175, 0.500539, -1.610076, 0.145322, 0.656274, -1.113287, 1.235647, 11.352172, -10.607194, -2.318659, 1.168448, -0.738108, 6.411648, -6.801216, 0.583832, -0.465489, 1.719484, -1.505295, 0.498908, -0.645489, 1.230414, 21.308449, -20.875503, -1.165582, 2.000077, -2.495762, 1.618330, -0.940756, 2.446518, -2.226375, 0.741099, -0.585319, 0.464072, -0.747654, 1.241570, -1.315795, 1.804608, -1.451914, 0.158279, -0.196513, 1.095790, 0.045028, -0.267294, -0.867484, 0.152261, -0.708606, 0.374865, 0.457599, -0.087564, -0.267654, -0.203737, 0.204091, 0.084766, 0.068552, 0.617121, -1.281215, 1.135243, -0.329580, -0.014346, -0.079835, -0.146088, 2.518019, -2.037390, -0.385878, -0.145943, -0.490634, 0.467254, 0.093897, 0.273171, 0.021604, 0.972949;
-5.777947, 1.105909, -1.401563, 0.116435, 0.700990, 4.732278, -5.418391, 2.290524, -2.402915, 0.976030, -0.969549, 1.069032, 39.258840, -39.083742, -1.002833, 1.042963, 2.048919, -2.526690, 0.373117, -0.285027, -0.576553, 0.954174, 0.499684, -0.786081, 1.587184, -1.170565, 0.493754, -0.401121, 1.138312, -1.675352, -0.379650, 1.189465, 5.910569, -5.766594, -1.227681, 0.171090, 3.093423, -2.205922, -0.917621, -0.019294, 0.371005, -0.344450, 0.565827, -0.410513, 0.513328, 0.358386, -0.551455, 2.137949, -1.881301, 0.857233, -1.224404, 1.367614, -1.331667, 1.403575, -1.383960, 1.402649, -1.144361, 0.801713, -1.103326, 0.833986, -0.504581, 1.111328, -1.003799, 1.637915, -1.517387, 1.337972, -1.724953, 1.084919, -0.799680, 0.074625, 0.390234, 0.617199, -0.606335, 0.876072, -1.089931, 0.866185, 1.177406, -1.275646, -0.599815, 0.809409, -0.874210, 0.202938, 0.596794, 0.107794, -0.055495, -0.460959, -0.501934, 1.639872, -1.314890, 2.006413, -1.996460, 0.101544, 0.124076, 1.007427, -0.805104, 1.033897, 0.644279, -1.226661, -0.519697, 1.652536, -0.241300, 1.165317, -2.491104, 2.052707, -2.376506, 2.321252, -1.974664, 1.762871, -1.672049, 0.157530, -0.368602, 0.537576, -0.257036, 0.626250, -0.635821, 16.581912, -15.750577, 0.198415, -0.681234, 1.565032, -1.862808, 2.347776, -1.259630, 0.297772, -0.267404, 0.336475, -0.376438, 0.373682, -1.100904, 1.151152, -1.156109, 1.857550, 9.170858, -9.154280, -1.411435, -0.260569, 2.705641, -0.992821, -1.759633, 2.904230, -2.040542, -0.595612, 0.002232, 0.067234, -0.195602, 0.255276, -0.125786, 0.097706, -0.117415, 0.625600, -0.667905, 0.321144, -0.055210, -0.185995, 0.171060, 0.328004, 1.795790, -1.059054, -0.889451, 0.073469, 0.078047, -0.022306, 0.011064, 0.404584, -0.358975, 0.135464, -0.306777, 0.208202, -0.133011, 0.969245, -0.187406, -0.529739, -0.552601, 1.936277, 0.906279, -0.021100, 2.431242, -3.321768, -0.792991, 1.070538, -1.286744, 1.134209, 0.644869, -0.136704, -0.549228, 0.190214, -0.656987, 1.026096, -1.296441, 2.566575, 0.450243, -0.394206, -2.095567, 2.089854, 36.213678, 20.251783, -11.566877, -46.720960, 0.125181;
-0.001289, 0.001451, -0.001389, 0.001291, -0.001229, 0.001291, -0.001289, 0.001271, -0.001209, 0.001271, -0.001209, 0.001271, -0.001249, 0.001371, -0.001309, -0.001049, -0.001009, 0.001271, -0.001249, 0.001311, -0.001209, 0.001311, -0.001329, 0.001351, -0.001289, 0.001331, 0.000271, -0.000009, -0.001269, 0.001171, -0.001249, 0.001351, -0.001329, 0.001311, -0.001209, 0.002751, -0.000949, 0.001291, -0.001229, 0.001291, -0.001389, 0.001411, -0.001329, 0.001271, -0.001249, 0.001391, -0.001249, 0.001271, -0.001329, 0.001251, -0.001229, 0.001291, -0.001269, 0.001291, -0.001209, 0.000511, -0.000449, 0.001191, -0.001209, 0.001351, -0.001249, 0.001171, -0.001269, 0.001291, -0.001269, 0.001451, -0.001389, 0.001311, -0.001249, 0.001271, -0.001249, 0.001391, -0.001329, 0.001251, -0.001229, 0.000411, -0.000349, 0.001291, -0.001329, 0.001311, -0.001289, 0.001311, -0.001289, 0.001351, -0.001289, 0.001331, -0.001309, 0.001331, -0.001269, 0.001331, -0.001369, 0.001311, -0.001129, 0.001151, -0.001249, 0.000591, -0.002249, 0.001211, -0.001229, 0.001291, -0.001229, 0.001251, -0.001169, 0.001271, -0.001249, 0.001311, -0.001289, 0.001311, -0.001369, 0.001291, -0.001269, 0.001331, -0.001309, 0.001331, -0.001249, 0.002811, -0.002889, 0.001451, -0.001369, 0.001351, -0.001249, 0.001331, -0.001349, 0.001291, -0.001309, 0.001291, -0.001249, 0.001311, -0.001169, 0.001311, -0.001329, 0.001351, -0.001409, 0.001191, -0.001009, 0.001331, -0.001189, 0.001251, -0.001249, 0.001271, -0.001329, 0.001271, -0.001129, 0.001271, -0.001369, 0.001371, -0.001269, 0.001371, -0.001429, 0.001331, -0.001169, 0.001191, -0.001249, 0.001391, -0.001249, 0.001271, -0.001249, 0.001171, -0.001229, 0.001371, -0.001269, 0.001331, -0.001369, 0.001271, -0.001289, 0.001431, -0.001389, 0.001431, -0.001409, 0.001411, -0.001269, 0.001211, -0.001269, 0.001331, -0.001209, 0.001231, -0.001169, 0.001191, -0.001249, 0.001351, -0.001329, 0.001331, -0.001229, 0.001331, -0.001389, 0.001331, -0.001209, 0.001231, -0.001289, 0.001391, -0.001289, 0.001271, -0.001209, 0.001251, -0.001309, 0.001411, -0.001409, 0.001411, -0.001369;
