y=[
-0.116072, 0.118936, 0.024911, 0.388078, -0.490353, 0.062432, -0.044115, 2.562579, -2.553327, 2.457917, -2.499892, 2.372800, -2.273729, -0.004860, 0.100394, 0.002595, -0.173248, -0.005510, -0.037487, 0.151317, -0.034413, 0.498515, -0.558784, 0.089348, -0.009446, -0.133651, -0.050685, 0.289269, -0.206179, 0.078223, 0.009307, -0.108853, 0.077010, 0.070814, -0.035487, -0.055837, -0.058310, 0.013757, 0.053607, 0.125949, -0.174087, 0.198148, -0.199267, 0.201952, 0.049709, -0.056900, 0.013697, -0.156891, -0.064578, 0.077598, -0.066548, 0.184991, -0.076952, -0.073977, 0.023478, 0.134238, -0.203056, 0.602026, 0.546401, -1.030539, 0.027174, 0.092338, -0.204921, 0.474548, -0.347701, -0.053620, -0.156618, 0.116918, 0.031223, 0.344842, -0.404017, 0.038574, 0.113256, -0.035335, -0.095072, 0.644882, -0.527268, -0.065757, -0.044069, 0.009867, 0.079405, 0.277914, -0.211605, -0.116728, 0.011256, 0.102022, -0.105924, 0.259175, 8.902297, -9.169506, 0.009537, 0.121924, 0.039936, 0.040638, -0.273757, 0.196265, -0.159563, 0.027437, -0.051864, 0.250897, -0.184928, 0.012570, -0.097269, 0.009342, 0.100247, 0.057535, -0.167470, 0.127036, -0.042743, 0.043479, -0.115400, 0.303671, -0.256599, -0.069684, 0.102984, -0.102082, 0.002954, 0.307248, -0.303280, 0.166822, -0.067608, 0.014801, -0.072687, 0.394811, -0.302444, 0.054376, -0.061679, 0.066584, -0.149958, 0.610221, -0.511007, -0.094778, 0.063088, 0.093022, -0.154563, 0.251461, -0.187518, -0.069647, 0.030663, 0.084908, -0.058768, 0.148613, -0.091969, -0.078374, 0.115537, -0.152819, 0.053685, 0.268837, -0.213199, 0.034491, -0.088938, 0.040633, -0.007283, 0.559935, -0.519738, -0.059964, -0.081422, 0.087464, -0.029991, 0.611045, -0.492435, -0.023663, -0.039146, -0.026554, 0.041131, 0.111628, -0.151651, 0.025866, -0.012940, 0.114866, -0.075662, 0.053993, 0.077994, -0.162095, 0.017859, -0.009736, -0.002445, 0.148975, -0.165932, -0.000857, -0.050928, 0.016649, 0.137224, 0.157552, -0.316169, 0.061739, -0.005190, 0.042437, -0.050274, 0.236501, -0.293845, 0.008451, -0.031010, 0.059156, 0.156943, 0.356321, -0.447739, -0.094251, -0.012983;
-2.807407, 0.027863, 2.937337, -2.922849, 2.874687, -2.898019, 2.990611, -2.847375, 2.745198, -2.769170, 2.822431, 0.055811, -2.894463, 10.987234, -8.016703, -2.923704, 2.897431, 0.118844, -2.921333, 10.827750, -10.766554, 0.244646, 2.859995, -2.930373, -0.185738, 0.059393, -0.054053, 0.059282, -0.016960, 0.117118, 0.014826, -0.020764, 0.050872, -0.023229, 0.074168, -0.127070, 0.019672, 0.024371, 0.065885, 0.038597, 0.046030, -0.031500, 0.016696, -0.065860, 0.155320, 3.304959, -3.327208, 2.797275, -2.798101, 0.085128, -0.041649, 0.118351, 0.089053, -0.175623, 0.089575, -0.120232, 0.087386, -0.017502, -0.018112, 0.197486, -0.081117, 0.003729, 0.021578, -0.028968, -0.005799, -0.028868, 0.100882, -0.048032, 0.220660, 0.015245, -0.186743, 0.013093, 0.066462, 0.078722, -0.012833, -0.088769, 0.142505, -0.028580, 0.031237, -0.092664, 0.152949, -0.086101, 0.178810, -0.163825, 0.095712, -0.021637, 0.018153, 0.028146, -0.001185, -0.064763, 0.057740, -0.022370, 0.006067, 0.001066, 0.072873, -0.043889, 0.102805, -0.066709, 0.093351, 0.194382, -0.230772, 0.020282, -0.022939, 0.014816, 0.034462, 0.034468, 0.150461, 0.022472, -0.148051, -0.002087, 0.060483, -0.041877, 0.016124, 0.004985, 0.058376, 0.003662, 0.061601, -0.056585, 0.124991, -0.107008, 0.012408, 0.274152, -0.248067, 0.134151, -0.018010, -0.021279, -0.025932, 0.008482, 0.068388, 0.055321, 0.009222, -0.053210, 0.062305, 0.014006, 0.028466, 0.029408, -0.047533, -0.018588, 0.022045, 0.009923, 0.027995, -0.002649, 0.004925, 0.144667, 0.036837, -0.060788, 0.055235, -0.012457, -0.044934, 0.007924, 0.089937, -0.043617, 0.084215, -0.050140, 0.038570, 0.056279, 0.060569, -0.073990, -0.039783, 0.072719, 0.045980, 0.068655, -0.167254, 0.223623, -0.120923, -0.027421, 0.000232, 0.111302, 0.021543, 0.038986, -0.090959, 0.032895, -0.031258, 0.009574, 0.026558, 0.026848, 0.069822, -0.039737, 0.078108, -0.054889, 0.103775, -0.055821, 0.010239, 0.114351, 0.032643, -0.118989, -0.015181, 0.028693, 0.004953, 0.003873, 0.263004, -0.207830, 0.051949, 0.005474, -0.004698, -0.018013, 0.006619, 0.106713, 0.018476;
0.000608, 0.000276, 0.000436, 0.000434, 0.000440, 0.000408, 0.000466, 0.000426, 0.000448, 0.000584, 0.000258, -0.000030, -0.000012, -0.000036, -0.000030, -0.000012, -0.000038, -0.000024, -0.000020, -0.000028, 0.000040, -0.000118, -0.000028, 0.000314, -0.000188, -0.000024, -0.000020, -0.000032, -0.000016, -0.000108, -0.000100, -0.000022, 0.000044, -0.000122, -0.000032, -0.000012, -0.000030, -0.000024, -0.000024, -0.000014, -0.000026, -0.000032, -0.000016, -0.000032, -0.000032, -0.000018, -0.000030, -0.000020, -0.000054, 0.000010, -0.000026, -0.000026, -0.000024, -0.000028, -0.000028, -0.000024, -0.000026, -0.000018, -0.000032, -0.000016, -0.000030, -0.000028, -0.000024, -0.000030, -0.000024, -0.000028, -0.000030, -0.000016, -0.000024, -0.000026, -0.000110, 0.000098, -0.000066, -0.000020, -0.000040, -0.000014, -0.000030, -0.000024, -0.000024, -0.000032, -0.000022, -0.000024, -0.000024, -0.000032, -0.000020, -0.000028, -0.000034, -0.000026, -0.000020, -0.000036, -0.000014, -0.000054, 0.000010, -0.000034, -0.000016, -0.000024, -0.000038, -0.000020, -0.000028, -0.000022, -0.000030, -0.000022, -0.000020, -0.000024, -0.000040, -0.000026, -0.000018, -0.000020, -0.000024, -0.000028, -0.000110, 0.000096, -0.000068, -0.000032, -0.000016, -0.000028, -0.000022, -0.000034, -0.000032, -0.000016, -0.000028, 0.000122, -0.000020, -0.000026, -0.000020, -0.000024, -0.000034, -0.000016, -0.000032, -0.000118, 0.000070, -0.000034, -0.000032, -0.000024, -0.000042, 0.000004, -0.000022, -0.000032, -0.000020, -0.000104, 0.000054, -0.000026, -0.000032, -0.000016, -0.000020, -0.000028, -0.000034, -0.000018, -0.000032, -0.000100, -0.000060, -0.000090, -0.000026, -0.000022, -0.000028, -0.000028, -0.000026, -0.000028, -0.000028, -0.000026, 0.000070, -0.000114, -0.000036, -0.000016, 0.000130, -0.000174, -0.000022, -0.000028, -0.000020, -0.000032, -0.000022, -0.000028, -0.000020, -0.000032, -0.000024, -0.000032, -0.000010, -0.000060, 0.000014, -0.000024, -0.000026, -0.000026, -0.000028, -0.000030, -0.000024, -0.000028, -0.000022, -0.000020, -0.000040, -0.000018, -0.000022, 0.000042, -0.000120, -0.000028, -0.000032, -0.000022, -0.000022, -0.000032, -0.000024;
