y=[
-0.556248, -0.480130, -0.516746, -0.500826, -0.483712, -0.501224, -0.490180, -0.520726, -0.492170, -0.500130, -0.502816, -0.502319, -0.503314, -0.478837, -0.520627, -0.475056, -0.508886, -0.501324, -0.505503, -0.501821, -0.494259, -0.374859, -0.516846, -0.479235, -0.505901, -0.059841, -1.065789, -0.373566, -0.618436, -0.511672, -0.487891, -0.490279, 0.011501, -1.025292, -0.499931, -0.388988, -0.616147, -0.387098, -0.597839, -0.494956, -0.502219, -0.498239, -0.506100, -0.501324, -0.474956, -0.522617, -0.391575, -0.608088, -0.502219, -0.387695, -0.618137, -0.506299, -0.497543, -0.378541, -0.497941, -0.610973, -0.369187, -0.640823, -0.484409, -0.495652, -0.517144, -0.499135, -0.499234, -0.507493, -0.495354, -0.496946, -0.505901, -0.489981, -0.506199, -0.475951, -0.521622, -0.487394, -0.513861, -0.479533, -0.525701, -0.495354, -0.489185, -0.502319, -0.477245, -0.529084, -0.497045, -0.487394, -0.511871, -0.502816, -0.505105, -0.496548, -0.474061, -0.509781, -0.514856, -0.501523, -0.487991, -0.504508, -0.461623, -0.538139, -0.491473, -0.514756, -0.500627, -0.497145, -0.499533, -0.503413, -0.480429, -0.516348, -0.485802, -0.509582, -0.498438, -0.506299, -0.489085, -0.512169, -0.497742, -0.500926, -0.476449, -0.496448, -0.517443, -0.500130, -0.490578, -0.508189, -0.501324, -0.500130, -0.482717, -0.507393, -0.508587, -0.492866, -0.502418, -0.483513, -0.525104, -0.497742, 133.882843, -35.368606, -0.506299, -0.493165, -0.053672, -0.960020, -0.484409, -0.513662, -0.392769, -0.587093, -0.515950, -0.488488, -0.505801, -0.509085, -0.488488, -0.511771, -0.492866, -0.493961, -0.512368, -0.481324, -0.502120, -0.482518, -0.534059, -0.125113, -0.866689, -0.481125, -0.510080, -0.515950, -0.476648, -0.492070, -0.529582, -0.503015, -0.482120, -0.514955, -0.495453, -0.500329, -0.484210, -0.510279, -0.483115, -0.524308, -0.500627, -0.498438, -0.493762, -0.509682, -0.488289, -0.497841, -0.498836, -0.500528, -0.506000, -0.380133, -0.616645, -0.487692, -0.503911, -0.508687, -0.488389, -0.507294, -0.503115, -0.499234, -0.481523, -0.514856, -0.501423, -0.511672, -0.486200, -0.496846, -0.508886, -0.489384, -0.497443, -0.500727, -0.503712, -0.513662, -0.475653, -0.515254, -0.505801;
-0.543901, -0.502509, -0.497434, -0.479425, -0.517633, -0.493454, -0.511066, -0.487982, -0.499325, -0.504996, -0.502011, -0.502310, -0.501414, -0.495345, -0.495146, -0.508081, -0.492758, -0.498927, -0.497036, -0.491763, -0.520817, -0.478629, -0.509872, -0.502509, -0.510170, -0.495942, -0.498031, -0.481216, -0.518528, -0.503305, -0.494748, -0.478828, -0.522210, -0.497534, -0.501514, -0.487783, -0.499126, -0.512359, -0.488877, -0.512061, -0.500419, -0.491365, -0.505195, -0.503603, -0.497235, -0.485494, -0.502608, -0.508678, -0.497932, -0.505892, -0.496041, -0.505593, -0.501315, -0.459823, -0.531563, -0.482609, -0.526289, -0.489574, -0.511663, -0.496837, -0.490967, -0.509474, -0.482111, -0.515742, -0.501812, -0.439426, -0.538627, -0.516837, -0.484897, -0.517434, -0.495444, -0.495345, -0.486091, -0.520120, -0.499325, -0.496738, -0.501912, -0.499723, -0.505394, -0.490370, -0.494947, -0.497434, -0.496539, -0.512757, -0.507981, -0.488579, -0.504200, -0.495743, -0.499325, -0.504897, -0.506190, -0.495046, -0.504698, -0.480917, -0.509971, -0.507882, -0.488479, -0.508180, -0.505295, -0.486887, -0.509673, -0.484599, -0.516240, -0.491564, -0.507384, -0.489076, -0.510270, -0.499623, -0.493554, -0.508180, -0.492061, -0.498230, -0.493653, -0.501315, -0.492658, -0.508081, -0.493753, -0.506688, -0.500021, -0.502011, -0.502608, -0.483803, -0.515145, -0.486290, -0.505494, -0.496041, -0.516439, -0.495743, -0.485693, -0.497434, -0.518429, -0.480917, -0.523006, -0.482012, -0.506290, -0.502111, -0.507782, -0.486589, -0.512160, -0.487783, -0.512956, -0.494549, -0.506489, -0.486788, -0.511165, 101.092346, -2.579376, -0.509076, -0.490867, -0.511762, -0.485395, -0.515742, -0.473853, -0.513155, -0.509474, -0.495842, -0.489872, -0.496340, -0.513155, -0.499723, -0.488579, -0.516936, -0.500519, -0.499225, -0.488181, -0.499524, -0.493255, -0.513951, -0.489972, -0.501713, -0.511862, -0.486191, -0.513354, -0.485096, -0.510469, -0.494748, -0.497534, -0.509474, -0.494648, -0.502907, -0.497633, -0.495146, -0.499026, -0.486191, -0.502509, -0.520021, -0.496141, -0.489972, -0.517235, -0.499822, -0.493056, -0.494350, -0.498628, -0.505295, -0.485295, -0.509573, -0.503404, -0.497036, -0.497832;
-0.000298, 0.000002, 0.000002, -0.000098, 0.000002, 0.000102, 0.000002, 0.000002, 0.000002, 0.000002, 0.000002, 0.000002, 0.000002, 0.000002, 0.000002, 0.000002, 0.000002, 0.000002, 0.000002, 0.000002, 0.000002, 0.000002, 0.000002, 0.000002, 0.000002, 0.000002, 0.000002, 0.000002, 0.000002, 0.000002, -0.000098, 0.000102, -0.000098, 0.000102, -0.000098, 0.000102, 0.000002, 0.000002, -0.000098, 0.000102, 0.000002, 0.000002, 0.000002, 0.000002, 0.000002, 0.000002, 0.000002, 0.000002, 0.000002, 0.000002, 0.000002, 0.000002, 0.000002, 0.000002, -0.000098, 0.000002, 0.000002, 0.000102, 0.000002, 0.000002, 0.000002, 0.000002, -0.000098, 0.000002, 0.000002, 0.000102, 0.000002, 0.000002, 0.000002, 0.000002, 0.000002, 0.000002, 0.000002, 0.000002, 0.000002, 0.000002, 0.000002, 0.000002, 0.000002, 0.000002, 0.000002, 0.000002, 0.000002, 0.000002, 0.000002, 0.000002, -0.000098, 0.000102, 0.000002, 0.000002, -0.000098, 0.000102, -0.000098, 0.000102, -0.000098, 0.000102, 0.000002, 0.000002, -0.000098, 0.000102, 0.000002, 0.000002, 0.000002, 0.000002, 0.000002, 0.000002, 0.000002, 0.000002, 0.000002, 0.000002, -0.000098, 0.000102, 0.000002, 0.000002, -0.000098, 0.000002, 0.000002, 0.000102, 0.000002, 0.000002, 0.000002, 0.000002, 0.000002, -0.000098, 0.000002, 0.000102, 0.000002, 0.000002, 0.000002, 0.000002, 0.000002, 0.000002, 0.000002, 0.000002, 0.000002, 0.000002, 0.000002, 0.000002, 0.000002, 0.000002, 0.000002, 0.000002, 0.000002, 0.000002, 0.000002, 0.000002, -0.000098, 0.000102, 0.000002, 0.000002, -0.000098, 0.000102, 0.000002, 0.002202, -0.002298, 0.000102, 0.000002, 0.000002, 0.000002, 0.000002, 0.000002, 0.000002, 0.000002, 0.000002, 0.000002, 0.000002, 0.000002, 0.000002, 0.000002, 0.000002, 0.000002, 0.000002, 0.000002, 0.000002, -0.000098, 0.000002, 0.000002, 0.000102, 0.000002, 0.000002, 0.000002, 0.000002, -0.000098, 0.000102, -0.000098, 0.000102, 0.000002, 0.000002, 0.000002, 0.000002, 0.000002, 0.000002, 0.000002, 0.000002, 0.000002, 0.000002, 0.000002, 0.000002, 0.000002;
