y=[-0.322648, 0.007357, -0.008643, 0.091358, -0.043644, -0.023644, 0.000357, 0.062358, -0.054644, 0.079358, -0.056644, 0.031357, -0.066644, 0.082358, -0.083644, 0.066358, 0.005357, -0.069644, 0.000357, 0.058358, -0.058644, 0.017357, -0.009643, 0.008357, 0.159359, -0.020643, -0.120645, 0.036357, 0.022357, -0.072644, 0.089358, -0.016643, -0.059644, 0.192359, -0.172646, 0.011357, 0.120358, -0.053644, -0.070644, -0.023644, -0.009643, 0.225360, -0.159645, -0.021644, -0.004643, -0.017643, 0.081358, -0.101645, 0.082358, -0.050644, 0.101358, -0.095645, 0.074358, -0.015643, -0.031644, 0.548364, -0.510650, -0.019643, -0.036644, 0.139359, -0.040644, 0.059358, -0.112645, -0.060644, 0.007357, -0.013643, 0.055358, 0.046357, 0.000357, -0.075644, 0.011357, 0.017357, 0.041357, -0.056644, 0.074358, -0.101645, -0.009643, 0.095358, -0.084644, 0.024357, 0.018357, -0.009643, 0.034357, -0.001643, -0.051644, 0.086358, -0.060644, -0.036644, 0.015357, 0.135359, -0.132645, 0.075358, -0.019643, -0.057644, 0.057358, -0.062644, 0.016357, 0.036357, -0.010643, 0.096358, -0.102645, 0.104358, 0.003357, -0.111645, 0.008357, 0.114358, -0.005643, -0.088644, 0.085358, -0.080644, 0.058358, -0.022644, -0.039644, 0.009357, -0.023644, -0.013643, 0.110358, -0.092644, 0.095358, -0.096645, 0.108358, 0.047357, -0.141645, 0.063358, 0.000357, -0.053644, 0.118358, 0.011357, -0.106645, 0.066358, -0.036644, 0.057358, -0.081644, -0.010643, -0.010643, -0.010643, 0.072358, -0.042644, -0.026644, 0.017357, 0.002357, 0.109358, -0.096645, 0.095358, -0.101645, 0.076358, -0.067644, -0.020643, 0.051357, 0.022357, 0.011357, -0.041644, -0.007643, -0.014643, -0.010643, -0.017643, 0.016357, 0.002357, 0.091358, -0.078644, 0.071358, -0.026644, -0.037644, 0.000357, 0.022357, -0.034644, 0.008357, 0.066358, 0.102358, -0.162645, 0.190359, -0.169646, 0.019357, 0.010357, 0.026357, -0.075644, 0.084358, -0.089644, 0.000357, 0.163359, -0.097645, -0.015643, -0.008643, -0.021644, 0.021357, 0.091358, 0.001357, -0.019643, -0.060644, 0.173359, -0.096645, 0.049357, -0.124645, 0.017357, -0.032644, -0.016643, 0.063358, 0.006357, 0.012357;
-0.240832, 0.019171, -0.005829, 0.083172, -0.091830, -0.000829, -0.003829, 0.018171, 0.003171, 0.070172, -0.070830, 0.018171, -0.023829, 0.007171, -0.013829, 0.015171, -0.009829, 0.005171, 0.017171, 0.078172, -0.089830, 0.031171, 0.005171, 0.012171, -0.027829, 0.063172, -0.072830, 0.013171, 0.021171, -0.028829, 0.005171, 0.007171, -0.027829, 0.009171, 0.007171, 0.012171, 0.072172, -0.075830, 0.008171, 0.123172, -0.018829, -0.009829, -0.083830, 0.013171, 0.075172, 0.005171, -0.087830, 0.023171, -0.009829, -0.038830, 0.070172, -0.030830, -0.017829, 0.018171, 0.008171, -0.001829, -0.014829, -0.005829, -0.005829, 0.075172, -0.067830, 0.118172, -0.122831, 0.013171, 0.069172, 0.003171, -0.084830, 0.021171, 0.191173, -0.200831, 0.047171, -0.032830, -0.024829, 0.062172, -0.023829, 0.039171, -0.074830, -0.005829, 0.013171, 0.058172, -0.050830, 0.023171, -0.024829, 0.009171, -0.010829, 0.030171, 0.004171, -0.012829, 0.078172, -0.078830, -0.004829, 0.036171, -0.020829, 0.066172, -0.074830, 0.016171, -0.021829, 0.103172, -0.008829, 0.008171, 0.029171, -0.119831, 0.004171, 0.015171, -0.017829, 0.016171, -0.006829, 0.112172, -0.083830, 0.053171, -0.076830, 0.015171, -0.016829, 0.068172, -0.070830, -0.001829, -0.001829, -0.000829, 0.014171, -0.005829, 0.046171, 0.092172, -0.090830, -0.046830, 0.011171, 0.101172, -0.013829, -0.066830, -0.016829, -0.007829, 0.107172, -0.044830, -0.015829, -0.014829, 0.005171, 0.090172, -0.106830, 0.013171, 0.002171, -0.016829, 0.004171, 0.165173, -0.133831, -0.013829, -0.003829, 0.008171, 0.051171, -0.049830, -0.011829, 0.039171, 0.081172, 0.054171, -0.108830, -0.034830, -0.017829, 0.076172, -0.063830, 0.082172, -0.072830, 0.007171, 0.132172, -0.059830, -0.062830, 0.012171, 0.055172, -0.063830, 0.047171, -0.093830, 0.016171, 0.015171, -0.015829, 0.028171, -0.002829, -0.000829, 0.099172, -0.049830, 0.017171, 0.002171, -0.001829, 0.025171, -0.061830, 0.022171, 0.039171, -0.080830, -0.001829, 0.007171, -0.011829, 0.077172, 0.052171, -0.049830, 0.601178, -0.654837, 0.023171, -0.026829, -0.010829, -0.014829, 0.001171, -0.007829, 0.025171;
-0.003980, 0.000020, 0.000020, 0.000020, 0.000020, 0.000020, 0.000020, 0.000020, 0.000020, 0.000020, 0.000020, 0.000020, 0.000020, 0.000020, 0.000020, 0.000020, 0.000020, 0.000020, 0.000020, 0.000020, 0.000020, 0.000020, 0.000020, 0.000020, 0.000020, 0.000020, 0.000020, 0.000020, 0.000020, 0.000020, 0.000020, 0.000020, 0.000020, 0.000020, 0.000020, 0.000020, 0.000020, 0.000020, 0.000020, 0.000020, 0.000020, 0.000020, 0.000020, 0.000020, 0.000020, 0.000020, 0.000020, 0.000020, 0.000020, 0.000020, 0.000020, 0.000020, 0.000020, 0.000020, 0.000020, 0.000020, 0.000020, 0.000020, 0.000020, 0.000020, 0.000020, 0.000020, 0.000020, 0.000020, 0.000020, 0.000020, 0.000020, 0.000020, 0.000020, 0.000020, 0.000020, 0.000020, 0.000020, 0.000020, 0.000020, 0.000020, 0.000020, 0.000020, 0.000020, 0.000020, 0.000020, 0.000020, 0.000020, 0.000020, 0.000020, 0.000020, 0.000020, 0.000020, 0.000020, 0.000020, 0.000020, 0.000020, 0.000020, 0.000020, 0.000020, 0.000020, 0.000020, 0.000020, 0.000020, 0.000020, 0.000020, 0.000020, 0.000020, 0.000020, 0.000020, 0.000020, 0.000020, 0.000020, 0.000020, 0.000020, 0.000020, 0.000020, 0.000020, 0.000020, 0.000020, 0.000020, 0.000020, 0.000020, 0.000020, 0.000020, 0.000020, 0.000020, 0.000020, 0.000020, 0.000020, 0.000020, 0.000020, 0.000020, 0.000020, 0.000020, 0.000020, 0.000020, 0.000020, 0.000020, 0.000020, 0.000020, 0.000020, 0.000020, 0.000020, 0.000020, 0.000020, 0.000020, 0.000020, 0.000020, 0.000020, 0.000020, 0.000020, 0.000020, 0.000020, 0.000020, 0.000020, 0.000020, 0.000020, 0.000020, 0.000020, 0.000020, 0.000020, 0.000020, 0.000020, 0.000020, 0.000020, 0.000020, 0.000020, 0.000020, 0.000020, 0.000020, 0.000020, 0.000020, 0.000020, 0.000020, 0.000020, 0.000020, 0.000020, 0.000020, 0.000020, 0.000020, 0.000020, 0.000020, 0.000020, 0.000020, 0.000020, 0.000020, 0.000020, 0.000020, 0.000020, 0.000020, 0.000020, 0.000020, 0.000020, 0.000020, 0.000020, 0.000020, 0.000020, 0.000020, 0.000020, 0.000020, 0.000020, 0.000020, 0.000020;
