y=[-3.225442, -0.164665, -1.294952, 2.606038, -3.205437, 0.195426, 0.525510, 0.485500, -0.894850, 0.505505, -0.774820, 2.526018, -2.295206, 1.245693, -0.844838, 0.545515, -0.734810, 1.285703, -1.374972, 2.716066, -2.635292, 0.805581, -0.424731, 1.485754, -0.544761, -0.854840, -0.264690, 0.705556, 2.095909, -1.304954, 0.015381, -0.174667, -0.844838, 0.985627, -1.124909, 1.655797, -1.785076, 0.555518, 0.645541, -0.504751, 0.685551, 1.385729, -1.975124, -0.154662, -0.414728, 4.556533, -3.425492, -0.624782, -0.644787, 1.815838, 0.285449, 0.785576, -2.265198, 1.705810, 0.055391, -0.184670, -1.635038, 1.635792, -1.094901, 0.915609, 0.225434, -1.665046, 0.745566, 12.428531, -11.577561, 1.345718, -2.765325, 1.515762, -1.184924, 2.566028, -2.575277, 2.035894, -0.724807, -1.074896, 0.335462, 1.495756, -2.175175, 0.405480, 2.716066, -2.895358, 0.865597, 0.725561, -1.655043, 1.845845, 5.916878, -6.066163, -1.555018, 0.195426, -0.374718, 1.405734, -1.304954, 2.295960, -1.515008, 2.105911, -2.565274, 0.445490, -0.634784, 1.765825, -0.974871, 1.695807, -2.115160, 3.126170, -3.235444, 2.045896, -1.815084, 9.557802, -9.587056, 1.145668, 0.675548, -1.625035, 0.685551, 2.285957, -3.215439, 1.895858, -0.084645, -0.554764, -0.944863, 2.385982, -0.864843, -0.394723, 0.735564, -0.924858, 0.775574, 8.747597, -10.247224, 3.196188, -2.895358, 1.555772, -0.704802, 0.735564, -0.214678, -0.554764, 0.595528, -1.104904, 0.445490, 0.995630, -1.274947, -0.214678, -0.294698, 0.535513, -0.344711, 1.685805, -1.865096, 1.305708, -0.914855, 0.255442, 1.485754, -0.094647, -1.495003, 0.925612, -0.964868, 1.195680, -1.424985, 0.465495, -0.394723, 1.385729, 0.515508, -0.384721, 0.105404, 1.505759, -2.045142, 0.995630, -1.695053, 1.825840, -1.334962, 9.817868, -10.407264, 0.505505, -0.214678, 1.535767, -1.645041, 0.135411, 0.475498, 0.625536, 0.665546, -0.954865, 0.645541, -1.254942, 0.365470, 1.605784, -0.074642, -0.364716, -1.474997, 10.618071, -10.307239, 2.696061, -1.034886, -0.134657, -1.294952, 1.375726, -0.424731, -1.274947, 1.625789, -0.184670, -1.234937, 1.985881, -1.925112, 2.175929, -2.115160;
-0.063176, -2.733626, 0.226872, -0.363227, 0.536925, -0.743291, 1.567098, -1.343392, 0.416904, -0.683281, 1.617106, -1.713454, 0.556928, -0.373229, 0.546926, -0.693283, 1.667115, -1.703453, 1.497086, -1.513421, 0.416904, -0.263210, 0.306886, -0.153192, 0.896985, -0.453242, 0.436908, -0.283214, 1.137026, -1.003335, 1.427074, -1.973498, 0.366896, 0.246876, 0.896985, -0.933323, 0.316888, -0.893316, 1.557096, -1.563429, 1.067014, -0.913320, -0.033171, 1.427074, -0.363227, -0.283214, 0.176864, -0.733289, 0.706953, -0.483247, 1.117022, -1.493417, 0.926990, 0.056844, -0.043173, -0.973330, 1.967165, -1.893485, 1.297053, 9.298399, -8.404581, -1.293384, 0.826973, -0.793299, 1.397069, -1.463412, 1.607105, -1.563429, 1.327058, -1.783466, 1.047010, -1.213370, 1.017005, -1.073347, 1.807138, -1.603436, 1.597103, -1.813471, 1.267047, -1.213370, 2.077184, -2.013505, 1.597103, -1.403402, 1.857147, -1.983500, 1.927159, -1.553427, 0.256877, 0.456911, -0.163193, -0.593266, 0.496918, 0.256877, -0.233205, -0.413235, 0.426906, -0.293215, -0.113185, 11.208721, -10.364911, -0.963328, 0.486916, -0.083180, 0.246876, 0.476914, 0.296884, -1.033340, 0.146859, -0.273212, 1.327058, -0.903318, 1.457079, -1.913488, 1.677116, -1.333390, 1.687118, -1.723456, 1.347061, -1.493417, 0.716955, -0.323220, 2.427243, -1.653444, 0.396901, -0.623271, 1.197036, -1.703453, 1.937160, -2.153528, 2.757298, -2.563597, 0.326889, 0.776965, 0.676948, -1.763463, 0.036840, -0.023170, 0.206869, 0.156861, -0.343224, -0.073178, 1.207037, -1.113353, 0.176864, -0.123187, 0.196867, 0.796968, 1.197036, -1.303385, -0.723288, -0.063176, 1.547095, -1.473414, -0.013168, 0.636941, -0.463244, 0.506920, 0.626940, -1.023338, -0.003166, -0.153192, 1.807138, -1.663446, 1.807138, -2.133525, 1.877150, -1.693451, 1.897154, -1.573431, 1.767132, -2.073515, 2.097187, -2.163530, 1.537093, -0.593266, 0.396901, -0.933323, -0.073178, -0.113185, 1.397069, -1.403402, 0.356894, -0.033171, 0.796968, -0.453242, 0.306886, 0.366896, -0.033171, -0.223203, 0.356894, -1.293384, -0.023170, 0.056844, -0.043173, 0.066845, 0.666946, -0.563261, 0.13685;
-0.039799, 0.000201, 0.000201, 0.000201, 0.000201, 0.000201, 0.000201, 0.000201, 0.000201, 0.000201, 0.000201, 0.000201, 0.000201, 0.000201, 0.000201, 0.000201, 0.000201, 0.000201, 0.000201, 0.000201, 0.000201, 0.000201, 0.000201, 0.000201, 0.000201, 0.000201, 0.000201, 0.000201, 0.000201, 0.000201, 0.000201, 0.000201, 0.000201, 0.000201, 0.000201, 0.000201, 0.000201, 0.000201, 0.000201, 0.000201, 0.000201, 0.000201, 0.000201, 0.000201, 0.000201, 0.000201, 0.000201, 0.000201, 0.000201, 0.000201, 0.000201, 0.000201, 0.000201, 0.000201, 0.000201, 0.000201, 0.000201, 0.000201, 0.000201, 0.000201, 0.000201, 0.000201, 0.000201, 0.000201, 0.000201, 0.000201, 0.000201, 0.000201, 0.270202, -0.269800, 0.000201, 0.000201, 0.000201, 0.000201, 0.000201, 0.000201, 0.000201, 0.000201, 0.000201, 0.000201, 0.000201, 0.000201, 0.000201, 0.000201, 0.000201, 0.000201, 0.000201, 0.000201, 0.000201, 0.000201, 0.000201, 0.000201, 0.000201, 0.000201, 0.000201, 0.000201, 0.000201, 0.000201, 0.000201, 0.000201, 0.000201, 0.000201, 0.000201, 0.000201, 0.000201, 0.000201, 0.000201, 0.000201, 0.000201, 0.000201, 0.000201, 0.000201, 0.000201, 0.000201, 0.000201, 0.000201, 0.000201, 0.000201, 0.000201, 0.000201, 0.000201, 0.000201, 0.000201, 0.000201, 0.000201, 0.000201, 0.000201, 0.000201, 0.000201, 0.000201, 0.000201, 0.000201, 0.000201, 0.000201, 0.000201, 0.000201, 0.000201, 0.000201, 0.000201, 0.000201, 0.000201, 0.000201, 0.000201, 0.000201, 0.000201, 0.000201, 0.000201, 0.000201, 0.000201, 0.000201, 0.000201, 0.000201, 0.000201, 0.000201, 0.000201, 0.000201, 0.000201, 0.000201, 0.000201, 0.000201, 0.000201, 0.000201, 0.000201, 0.000201, 0.000201, 0.000201, 0.000201, 0.000201, 0.000201, 0.000201, 0.000201, 0.000201, 0.000201, 0.000201, 0.000201, 0.000201, 0.000201, 0.000201, 0.000201, 0.000201, 0.000201, 0.000201, 0.000201, 0.000201, 0.000201, 0.000201, 0.000201, 0.000201, 0.000201, 0.000201, 0.000201, 0.000201, 0.000201, 0.000201, 0.000201, 0.000201, 0.000201, 0.000201, 0.000201;
